NAME : external
TYPE : ATSP
DIMENSION : 17
EDGE_WEIGHT_TYPE : EXPLICIT
EDGE_WEIGHT_FORMAT : FULL_MATRIX
EDGE_WEIGHT_SECTION
0 250 213 213 250 225 688 688 725 225 688 1188 725 250 713 713 750 
0 0 37 75 112 25 562 600 637 50 587 1125 662 75 612 650 687 
0 37 0 37 75 62 525 562 600 87 550 1087 625 112 575 612 650 
0 75 37 0 37 100 562 525 562 125 587 1050 587 150 612 575 612 
0 112 75 37 0 137 600 562 525 162 625 1087 550 187 650 612 575 
0 25 62 100 137 0 537 575 612 25 562 1100 637 50 587 625 662 
0 562 525 562 600 537 500 537 575 62 525 1062 600 87 550 587 625 
0 600 562 525 562 575 537 500 537 100 562 1025 562 125 587 550 587 
0 637 600 562 525 612 575 537 500 137 600 1062 525 162 625 587 550 
0 50 87 125 162 25 62 100 137 0 537 1075 612 25 562 600 637 
0 587 550 587 625 562 525 562 600 537 500 1037 575 62 525 562 600 
0 1125 1087 1050 1087 1100 1062 1025 1062 1075 1037 1000 537 100 562 525 562 
0 662 625 587 550 637 600 562 525 612 575 537 500 137 600 562 525 
0 75 112 150 187 50 87 125 162 25 62 100 137 0 537 575 612 
0 612 575 612 650 587 550 587 625 562 525 562 600 537 500 537 575 
0 650 612 575 612 625 587 550 587 600 562 525 562 575 537 500 537 
0 687 650 612 575 662 625 587 550 637 600 562 525 612 575 537 500 
EOF